     00  01  02  03  04  05  06  07  08  09  0A  0B  0C  0D  0E  0F
00:  00  01  00  00  00  01  00  00  00  00  00  00  00  00  00  00 
10:  00  00  00  00  00  00  00  00  00  00  00  00  00  00  00  00 
20:  32  a4  0c  32  09  05  00  a1  00  00  00  00  00  00  00  00 
30:  00  00  00  00  00  00  00  00  00  00  00  00  00  00  00  00 
40:  00  00  00  00  00  00  00  00  00  00  00  00  00  00  00  00 
50:  00  00  00  00  00  00  00  00  00  00  00  00  00  00  00  00 
60:  00  00  00  00  00  00  00  00  00  00  00  00  00  00  00  00 
70:  00  00  00  00  00  00  00  00  00  00  00  00  00  00  00  00 
80:  00  00  00  00  00  0a  00  83  00  00  00  00  00  00  00  00 
90:  00  00  00  00  00  00  00  00  00  00  00  00  00  00  00  00 
A0:  00  00  00  23  c1  00  00  64  63  00  00  08  69  17  00  00 
B0:  2f  2b  00  00  00  00  00  00  0c  0a  00  97  70  00  00  00 
C0:  00  00  00  00  00  00  00  00  00  00  00  00  00  00  00  00 
D0:  00  00  00  00  00  00  ff  00  00  00  00  00  00  00  00  00 
E0:  00  00  00  00  00  00  00  00  00  00  00  00  00  00  00  00 
F0:  00  00  00  00  00  00  00  00  00  00  00  00  00  00  00  00 

     00  01  02  03  04  05  06  07  08  09  0A  0B  0C  0D  0E  0F
00:  00  01  00  00  00  01  00  00  00  00  00  00  00  00  00  00 
10:  00  00  00  00  00  00  00  00  00  00  00  00  00  00  00  00 
20:  32  a4  0c  32  09  05  00  a1  00  00  00  00  00  00  00  00 
30:  00  00  00  00  00  00  00  00  00  00  00  00  00  00  00  00 
40:  00  00  00  00  00  00  00  00  00  00  00  00  00  00  00  00 
50:  00  00  00  00  00  00  00  00  00  00  00  00  00  00  00  00 
60:  00  00  00  00  00  00  00  00  00  00  00  00  00  00  00  00 
70:  00  00  00  00  00  00  00  00  00  00  00  00  00  00  00  00 
80:  00  00  00  00  00  0a  00  83  00  00  00  00  00  00  00  00 
90:  00  00  00  00  00  00  00  00  00  00  00  00  00  00  00  00 
A0:  00  00  00  23  c1  00  00  64  63  00  00 *09  69  17  00  00 
B0:  2f  2b  00  00  00  00  00  00  0c  0a  00  97  70  00  00  00 
C0:  00 *80  00  00  00  00  00  00  00  00  00  00  00  00  00  00 
D0:  00  00  00  00  00  00  ff  00  00  00  00  00  00  00  00  00 
E0:  00  00  00  00  00  00  00  00  00  00  00  00  00  00  00  00 
F0:  00  00  00  00  00  00  00  00  00  00  00  00  00  00  00  00 
 
     00  01  02  03  04  05  06  07  08  09  0A  0B  0C  0D  0E  0F
00:  00  01  00  00  00  01  00  00  00  00  00  00  00  00  00  00 
10:  00  00  00  00  00  00  00  00  00  00  00  00  00  00  00  00 
20:  32  a4  0c  32  09  05  00  a1  00  00  00  00  00  00  00  00 
30:  00  00  00  00  00  00  00  00  00  00  00  00  00  00  00  00 
40:  00  00  00  00  00  00  00  00  00  00  00  00  00  00  00  00 
50:  00  00  00  00  00  00  00  00  00  00  00  00  00  00  00  00 
60:  00  00  00  00  00  00  00  00  00  00  00  00  00  00  00  00 
70:  00  00  00  00  00  00  00  00  00  00  00  00  00  00  00  00 
80:  00  00  00  00  00  0a  00  83  00  00  00  00  00  00  00  00 
90:  00  00  00  00  00  00  00  00  00  00  00  00  00  00  00  00 
A0:  00  00  00  23  c1  00  00  64  63  00  00  09  69  17  00  00 
B0:  2f  2b  00  00  00  00  00  00  0c  0a  00  97  70  00  00  00 
C0:  00  80  00  00  00  00  00  00  00  00  00  00  00  00  00  00 
D0:  00  00  00  00  00  00  ff  00  00  00  00  00  00  00  00  00 
E0:  00  00  00  00  00  00  00  00  00  00  00  00  00  00  00  00 
F0:  80  00  00  00  00  00  00  00  00  00  00  00  00  00  00  00 

     00  01  02  03  04  05  06  07  08  09  0A  0B  0C  0D  0E  0F
00:  00  01  00  00  00  01  00  00  00  00  00  00  00  00  00  00 
10:  00  00  00  00  00  00  00  00  00  00  00  00  00  00  00  00 
20:  32  a4  0c  32  09  05  00  a1  00  00  00  00  00  00  00  00 
30:  00  00  00  00  00  00  00  00  00  00  00  00  00  00  00  00 
40:  00  00  00  00  00  00  00  00  00  00  00  00  00  00  00  00 
50:  00  00  00  00  00  00  00  00  00  00  00  00  00  00  00  00 
60:  00  00  00  00  00  00  00  00  00  00  00  00  00  00  00  00 
70:  00  00  00  00  00  00  00  00  00  00  00  00  00  00  00  00 
80:  00  00  00  00  00  0a  00  83  00  00  00  00  00  00  00  00 
90:  00  00  00  00  00  00  00  00  00  00 *11 *10  00  00  00  00 
A0:  00  00  00  23  c1  00  00  64  63  00  00 *08  69  17  00  00 
B0:  2f  2b  00  00  00  00  00  00  0c  0a  00  97  70  00  00  00 
C0: *80 *82  00  00  00  00  00  00  00  00  00  00  00  00  00  00 
D0:  00  00  00  00  00 *ff *9c *19  00  00 *02 *05 *c8  00 *d0 *0f 
E0:  00  00 *65  00  00  00  00  00  00  00  00  00  00  00  00  00 
F0: *81 *10  00  00  00  00  00  00  00  00  00  00  00  00  00  00 
 
     00  01  02  03  04  05  06  07  08  09  0A  0B  0C  0D  0E  0F
00:  00  01  00  00  00  01  00  00  00  00  00  00  00  00  00  00 
10:  00  00  00  00  00  00  00  00  00  00  00  00  00  00  00  00 
20:  32  a4  0c  32  09  05  00  a1  00  00  00  00  00  00  00  00 
30:  00  00  00  00  00  00  00  00  00  00  00  00  00  00  00  00 
40:  00  00  00  00  00  00  00  00  00  00  00  00  00  00  00  00 
50:  00  00  00  00  00  00  00  00  00  00  00  00  00  00  00  00 
60:  00  00  00  00  00  00  00  00  00  00  00  00  00  00  00  00 
70:  00  00  00  00  00  00  00  00  00  00  00  00  00  00  00  00 
80:  00  00  00  00  00  0a  00  83  00  00  00  00  00  00  00  00 
90:  00  00  00  00  00  00  00  00  00  00  11  10  00  00  00  00 
A0:  00  00  00  23  c1  00  00  64  63  00  00  08  69  17  00  00 
B0:  2f  2b  00  00  00  00  00  00  0c  0a  00  97  70  00  00  00 
C0:  80  82  00  00  00  00  00  00  00  00  00  00  00  00  00  00 
D0:  00  00  00  00  00  ff  9c  19  00  00  04  05  c8  00  d0  0f 
E0:  00  00  65  00  00  00  00  00  00  00  00  00  00  00  00  00 
F0:  81  10  00  00  00  00  00  00  00  00  00  00  00  00  00  00 

     00  01  02  03  04  05  06  07  08  09  0A  0B  0C  0D  0E  0F
00:  00  01  00  00  00  01  00  00  00  00  00  00  00  00  00  00 
10:  00  00  00  00  00  00  00  00  00  00  00  00  00  00  00  00 
20:  32  a4  0c  32  09  05  00  a1  00  00  00  00  00  00  00  00 
30:  00  00  00  00  00  00  00  00  00  00  00  00  00  00  00  00 
40:  00  00  00  00  00  00  00  00  00  00  00  00  00  00  00  00 
50:  00  00  00  00  00  00  00  00  00  00  00  00  00  00  00  00 
60:  00  00  00  00  00  00  00  00  00  00  00  00  00  00  00  00 
70:  00  00  00  00  00  00  00  00  00  00  00  00  00  00  00  00 
80:  00  00  00  00  00  0a  00  83  00  00  00  00  00  00  00  00 
90:  00  00  00  00  00  00  00  00  00  00  11  10  00  00  00  00 
A0:  00  00  00  23  c1  00  00  64  63  00  00  08  69  17  00  00 
B0:  2f  2b  00  00  00  00  00  00  0c  0a  00  97  70  00  00  00 
C0:  80 *80  00  00  00  00 *66 *21 *5c *2b  00  00 *4d *08  00  00 
D0:  00  00  00  00  00 *55  9c  19  00  00 *09 *0c  c8  00  d0  0f 
E0:  00  00  65  00  00  00  00  00  00  00  00  00  00  00  00  00 
F0:  81  10 *08  00  00  00  00  00 *40  00 *60  00  00  00  00  00 
 
     00  01  02  03  04  05  06  07  08  09  0A  0B  0C  0D  0E  0F
00:  00  01  00  00  00  01  00  00  00  00  00  00  00  00  00  00 
10:  00  00  00  00  00  00  00  00  00  00  00  00  00  00  00  00 
20:  32  a4  0c  32  09  05  00  a1  00  00  00  00  00  00  00  00 
30:  00  00  00  00  00  00  00  00  00  00  00  00  00  00  00  00 
40:  00  00  00  00  00  00  00  00  00  00  00  00  00  00  00  00 
50:  00  00  00  00  00  00  00  00  00  00  00  00  00  00  00  00 
60:  00  00  00  00  00  00  00  00  00  00  00  00  00  00  00  00 
70:  00  00  00  00  00  00  00  00  00  00  00  00  00  00  00  00 
80:  00  00  00  00  00  0a  00  83  00  00  00  00  00  00  00  00 
90:  00  00  00  00  00  00  00  00  00  00  11  10  00  00  00  00 
A0:  00  00  00  23  c1  00  00  64  63  00  00  08  69  17  00  00 
B0:  2f  2b  00  00  00  00  00  00  0c  0a  00  97  70  00  00  00 
C0:  80  80  00  00  00  00  66  21  5c  2b  00  00  4d  08  00  00 
D0:  00  00  00  00  00  55  9c  19  00  00  00  0d  c8  00  d0  0f 
E0:  00  00  65  00  00  00  00  00  00  00  00  00  00  00  00  00 
F0:  81  10  08  00  00  00  00  00  40  00  60  00  00  00  00  00 

     00  01  02  03  04  05  06  07  08  09  0A  0B  0C  0D  0E  0F
00:  00  01  00  00  00  01  00  00  00  00  00  00  00  00  00  00 
10: *53 *41 *4e *59 *4f  00 *31  00  00 *4c *30 *38 *53 *36 *59 *30 
20:  32 *af *25 *4e *4f *56 *4f *2f  00  00  00  00  00  00  00  00 
30:  00  00  00  00  00  00  00  00  00  00  00  00  00  00  00  00 
40:  00  00  00  00  00  00  00  00  00  00  00  00  00  00  00  00 
50:  00  00  00  00  00  00  00  00  00  00  00  00  00  00  00  00 
60:  00  00  00  00  00  00  00  00  00  00  00  00  00  00  00  00 
70:  00  00  00  00  00  00  00  00  00  00  00  00  00  00  00  00 
80:  00  00  00  00  00  0a  00  83  00  00  00  00  00  00  00  00 
90:  00  00  00  00  00  00  00  00  00  00  11  10  00  00  00  00 
A0:  00  00  00  23  c1  00  00  64  63  00  00 *09  69  17  00  00 
B0:  2f  2b  00  00  00  00  00  00  0c  0a  00  97  70  00  00  00 
C0: *90  80  00  00 *1e *08  66  21  5c  2b *14 *13  4d  08  00 *80 
D0:  00  00  00  00  00  55  9c  19  00  00 *03 *00 *00  00  d0  0f 
E0:  00  00  65  00  00  00  00  00  00  00  00  00  00  00  00  00 
F0: *c1  10  08  00 *3c *3c  00  00 *44  00  60  00  00  00  00  00 
 
     00  01  02  03  04  05  06  07  08  09  0A  0B  0C  0D  0E  0F
00:  00  01  00  00  00  01  00  00  00  00  00  00  00  00  00  00 
10:  53  41  4e  59  4f  00  31  00  00  4c  30  38  53  36  59  30 
20:  32  af  25  4e  4f  56  4f  2f  00  00  00  00  00  00  00  00 
30:  00  00  00  00  00  00  00  00  00  00  00  00  00  00  00  00 
40:  00  00  00  00  00  00  00  00  00  00  00  00  00  00  00  00 
50:  00  00  00  00  00  00  00  00  00  00  00  00  00  00  00  00 
60:  00  00  00  00  00  00  00  00  00  00  00  00  00  00  00  00 
70:  00  00  00  00  00  00  00  00  00  00  00  00  00  00  00  00 
80:  00  00  00  00  00  0a  00  83  00  00  00  00  00  00  00  00 
90:  00  00  00  00  00  00  00  00  00  00  11  10  00  00  00  00 
A0:  00  00  00  23  c1  00  00  64  63  00  00  09  69  17  00  00 
B0:  2f  2b  00  00  00  00  00  00  0c  0a  00  97  70  00  00  00 
C0:  90  80  00  00  1e  08  66  21  5c  2b  14  13  4d  08  00  80 
D0:  00  00  00  00  00  55  9c  19  00  00  04  00  00  00  d0  0f 
E0:  00  00  65  00  00  00  00  00  00  00  00  00  00  00  00  00 
F0:  c1  10  08  00  3c  3c  00  00  44  00  60  00  00  00  00  00 

     00  01  02  03  04  05  06  07  08  09  0A  0B  0C  0D  0E  0F
00:  00  01  00  00  00  01  00  00  00  00  00  00  00  00  00  00 
10:  53  41  4e  59  4f  00  31  00  00  4c  30  38  53  36  59  30 
20:  32  af  25  4e  4f  56  4f  2f  00  00  00  00  00  00  00  00 
30:  00  00  00  00  00  00  00  00  00  00  00  00  00  00  00  00 
40:  00  00  00  00  00  00  00  00  00  00  00  00  00  00  00  00 
50:  00  00  00  00  00  00  00  00  00  00  00  00  00  00  00  00 
60:  00  00  00  00  00  00  00  00  00  00  00  00  00  00  00  00 
70:  00  00  00  00  00  00  00  00  00  00  00  00  00  00  00  00 
80:  00  00  00  00  00  0a  00  83  00  00  00  00  00  00  00  00 
90:  00  00  00  00  00  00  00  00  00  00  11  10  00  00  00  00 
A0:  00  00  00  23  c1  00  00  64  63  00  00  09  69  17  00  00 
B0:  2f  2b  00  00  00  00  00  00  0c  0a  00  97  70  00  00  00 
C0:  90  80  00  00  1e  08  66  21  5c  2b  14  13  4d  08  00  80 
D0:  00  00  00  00  00  55  9c  19  00  00 *09 *09  00  00  d0  0f 
E0:  00  00 *25  00  00 *a2 *0b *69 *0c *5b *09  00  00  00  00  00 
F0:  c1  10  08  00  3c  3c  00  00  44  00  60  00  00  00  00  00 
 
     00  01  02  03  04  05  06  07  08  09  0A  0B  0C  0D  0E  0F
00:  00  01  00  00  00  01  00  00  00  00  00  00  00  00  00  00 
10:  53  41  4e  59  4f  00  31  00  00  4c  30  38  53  36  59  30 
20:  32  af  25  4e  4f  56  4f  2f  00  00  00  00  00  00  00  00 
30:  00  00  00  00  00  00  00  00  00  00  00  00  00  00  00  00 
40:  00  00  00  00  00  00  00  00  00  00  00  00  00  00  00  00 
50:  00  00  00  00  00  00  00  00  00  00  00  00  00  00  00  00 
60:  00  00  00  00  00  00  00  00  00  00  00  00  00  00  00  00 
70:  00  00  00  00  00  00  00  00  00  00  00  00  00  00  00  00 
80:  00  00  00  00  00  0a  00  83  00  00  00  00  00  00  00  00 
90:  00  00  00  00  00  00  00  00  00  00  11  10  00  00  00  00 
A0:  00  00  00  23  c1  00  00  64  63  00  00  09  69  17  00  00 
B0:  2f  2b  00  00  00  00  00  00  0c  0a  00  97  70  00  00  00 
C0:  90  80  00  00  1e  08  66  21  5c  2b  14  13  4d  08  00  80 
D0:  00  00  00  00  00  55  9c  19  00  00  01  0a  00  00  d0  0f 
E0:  00  00  25  00  00  a2  0b  69  0c  5b  09  00  00  00  00  00 
F0:  c1  10  08  00  3c  3c  00  00  44  00  60  00  00  00  00  00 

     00  01  02  03  04  05  06  07  08  09  0A  0B  0C  0D  0E  0F
00:  00  01  00  00  00  01  00  00  00  00  00  00  00  00  00  00 
10:  53  41  4e  59  4f  00  31  00  00  4c  30  38  53  36  59  30 
20:  32  af  25  4e  4f  56  4f  2f  00  00  00  00  00  00  00  00 
30:  00  00  00  00  00  00  00  00  00  00  00  00  00  00  00  00 
40:  00  00  00  00  00  00  00  00  00  00  00  00  00  00  00  00 
50:  00  00  00  00  00  00  00  00  00  00  00  00  00  00  00  00 
60:  00  00  00  00  00  00  00  00  00  00  00  00  00  00  00  00 
70:  00  00  00  00  00  00  00  00  00  00  00  00  00  00  00  00 
80:  00  00  00  00  00  0a  00  83  00  00  00  00  00  00  00  00 
90:  00  00  00  00  00  00  00  00  00  00  11  10  00  00  00  00 
A0:  00  00  00  23  c1  00  00  64  63  00  00 *08  69  17  00  00 
B0:  2f  2b  00  00  00  00  00  00  0c  0a  00  97  70  00  00  00 
C0:  90  80  00  00  1e  08  66  21  5c  2b  14  13  4d  08  00  80 
D0:  00  00  00  00  00  55  9c  19  00  00  01 *00 *26  00  d0  0f 
E0:  00  00 *12  00  00  a2  0b  69  0c  5b  09  00  00  00  00  00 
F0:  c1 *00  08  00  3c  3c  00  00  44  00  60  00  00  00  00  00 
 
     00  01  02  03  04  05  06  07  08  09  0A  0B  0C  0D  0E  0F
00:  00  01  00  00  00  01  00  00  00  00  00  00  00  00  00  00 
10:  53  41  4e  59  4f  00  31  00  00  4c  30  38  53  36  59  30 
20:  32  af  25  4e  4f  56  4f  2f  00  00  00  00  00  00  00  00 
30:  00  00  00  00  00  00  00  00  00  00  00  00  00  00  00  00 
40:  00  00  00  00  00  00  00  00  00  00  00  00  00  00  00  00 
50:  00  00  00  00  00  00  00  00  00  00  00  00  00  00  00  00 
60:  00  00  00  00  00  00  00  00  00  00  00  00  00  00  00  00 
70:  00  00  00  00  00  00  00  00  00  00  00  00  00  00  00  00 
80:  00  00  00  00  00  0a  00  83  00  00  00  00  00  00  00  00 
90:  00  00  00  00  00  00  00  00  00  00  11  10  00  00  00  00 
A0:  00  00  00  23  c1  00  00  64  63  00  00  08  69  17  00  00 
B0:  2f  2b  00  00  00  00  00  00  0c  0a  00  97  70  00  00  00 
C0:  90  80  00  00  1e  08  66  21  5c  2b  14  13  4d  08  00  80 
D0:  00  00  00  00  00  55  9c  19  00  00  01  00  29  00  d0  0f 
E0:  00  00  12  00  00  a2  0b  69  0c  5b  09  00  00  00  00  00 
F0:  c1  00  08  00  3c  3c  00  00  44  00  60  00  00  00  00  00 

     00  01  02  03  04  05  06  07  08  09  0A  0B  0C  0D  0E  0F
00:  00  01  00  00  00  01  00  00  00  00  00  00  00  00  00  00 
10:  53  41  4e  59  4f  00  31  00  00  4c  30  38  53  36  59  30 
20:  32  af  25  4e  4f  56  4f  2f  00  00  00  00  00  00  00  00 
30:  00  00  00  00  00  00  00  00  00  00  00  00  00  00  00  00 
40:  00  00  00  00  00  00  00  00  00  00  00  00  00  00  00  00 
50:  00  00  00  00  00  00  00  00  00  00  00  00  00  00  00  00 
60:  00  00  00  00  00  00  00  00  00  00  00  00  00  00  00  00 
70:  00  00  00  00  00  00  00  00  00  00  00  00  00  00  00  00 
80:  00  00  00  00  00  0a  00  83  00  00  00  00  00  00  00  00 
90:  00  00  00  00  00  00  00  00  00  00  11  10  00  00  00  00 
A0:  00  00  00  23  c1  00  00  64  63  00  00  08  69  17  00  00 
B0:  2f  2b  00  00  00  00  00  00  0c  0a  00  97  70  00  00  00 
C0:  90  80  00  00  1e  08  66  21  5c  2b  14  13  4d  08  00  80 
D0:  00  00  00  00  00  55  9c  19  00  00 *02 *02 *00  00  d0  0f 
E0:  00  00 *08  00  00  a2  0b  69  0c  5b  09  00  00  00  00  00 
F0:  c1 *10  08  00  3c  3c  00  00  44  00  60  00  00  00  00  00 
 
     00  01  02  03  04  05  06  07  08  09  0A  0B  0C  0D  0E  0F
00:  00  01  00  00  00  01  00  00  00  00  00  00  00  00  00  00 
10:  53  41  4e  59  4f  00  31  00  00  4c  30  38  53  36  59  30 
20:  32  af  25  4e  4f  56  4f  2f  00  00  00  00  00  00  00  00 
30:  00  00  00  00  00  00  00  00  00  00  00  00  00  00  00  00 
40:  00  00  00  00  00  00  00  00  00  00  00  00  00  00  00  00 
50:  00  00  00  00  00  00  00  00  00  00  00  00  00  00  00  00 
60:  00  00  00  00  00  00  00  00  00  00  00  00  00  00  00  00 
70:  00  00  00  00  00  00  00  00  00  00  00  00  00  00  00  00 
80:  00  00  00  00  00  0a  00  83  00  00  00  00  00  00  00  00 
90:  00  00  00  00  00  00  00  00  00  00  11  10  00  00  00  00 
A0:  00  00  00  23  c1  00  00  64  63  00  00  08  69  17  00  00 
B0:  2f  2b  00  00  00  00  00  00  0c  0a  00  97  70  00  00  00 
C0:  90  80  00  00  1e  08  66  21  5c  2b  14  13  4d  08  00  80 
D0:  00  00  00  00  00  55  9c  19  00  00  04  02  00  00  d0  0f 
E0:  00  00  08  00  00  a2  0b  69  0c  5b  09  00  00  00  00  00 
F0:  c1  10  08  00  3c  3c  00  00  44  00  60  00  00  00  00  00 

     00  01  02  03  04  05  06  07  08  09  0A  0B  0C  0D  0E  0F
00:  00  01  00  00  00  01  00  00  00  00  00  00  00  00  00  00 
10:  53  41  4e  59  4f  00  31  00  00  4c  30  38  53  36  59  30 
20:  32  af  25  4e  4f  56  4f  2f  00  00  00  00  00  00  00  00 
30:  00  00  00  00  00  00  00  00  00  00  00  00  00  00  00  00 
40:  00  00  00  00  00  00  00  00  00  00  00  00  00  00  00  00 
50:  00  00  00  00  00  00  00  00  00  00  00  00  00  00  00  00 
60:  00  00  00  00  00  00  00  00  00  00  00  00  00  00  00  00 
70:  00  00  00  00  00  00  00  00  00  00  00  00  00  00  00  00 
80:  00  00  00  00  00  0a  00  83  00  00  00  00  00  00  00  00 
90:  00  00  00  00  00  00  00  00  00  00  11  10  00  00  00  00 
A0:  00  00  00  23  c1  00  00  64  63  00  00 *09  69  17  00  00 
B0:  2f  2b  00  00  00  00  00  00  0c  0a  00  97  70  00  00  00 
C0:  90  80  00  00  1e  08 *65  21  5c  2b  14  13  4d  08  00  80 
D0:  00  00  00  00  00  55  9c  19  00  00 *09 *0b  00  00  d0  0f 
E0:  00  00 *06  00  00  a2  0b  69  0c  5b  09  00  00  00  00  00 
F0:  c1  10  08  00  3c  3c  00  00  44  00  60  00  00  00  00  00 
 
     00  01  02  03  04  05  06  07  08  09  0A  0B  0C  0D  0E  0F
00:  00  01  00  00  00  01  00  00  00  00  00  00  00  00  00  00 
10:  53  41  4e  59  4f  00  31  00  00  4c  30  38  53  36  59  30 
20:  32  af  25  4e  4f  56  4f  2f  00  00  00  00  00  00  00  00 
30:  00  00  00  00  00  00  00  00  00  00  00  00  00  00  00  00 
40:  00  00  00  00  00  00  00  00  00  00  00  00  00  00  00  00 
50:  00  00  00  00  00  00  00  00  00  00  00  00  00  00  00  00 
60:  00  00  00  00  00  00  00  00  00  00  00  00  00  00  00  00 
70:  00  00  00  00  00  00  00  00  00  00  00  00  00  00  00  00 
80:  00  00  00  00  00  0a  00  83  00  00  00  00  00  00  00  00 
90:  00  00  00  00  00  00  00  00  00  00  11  10  00  00  00  00 
A0:  00  00  00  23  c1  00  00  64  63  00  00  09  69  17  00  00 
B0:  2f  2b  00  00  00  00  00  00  0c  0a  00  97  70  00  00  00 
C0:  90  80  00  00  1e  08  65  21  5c  2b  14  13  4d  08  00  80 
D0:  00  00  00  00  00  55  9c  19  00  00  00  0c  00  00  d0  0f 
E0:  00  00  06  00  00  a2  0b  69  0c  5b  09  00  00  00  00  00 
F0:  c1  10  08  00  3c  3c  00  00  44  00  60  00  00  00  00  00 

     00  01  02  03  04  05  06  07  08  09  0A  0B  0C  0D  0E  0F
00:  00  01  00  00  00  01  00  00  00  00  00  00  00  00  00  00 
10:  53  41  4e  59  4f  00  31  00  00  4c  30  38  53  36  59  30 
20:  32  af  25  4e  4f  56  4f  2f  00  00  00  00  00  00  00  00 
30:  00  00  00  00  00  00  00  00  00  00  00  00  00  00  00  00 
40:  00  00  00  00  00  00  00  00  00  00  00  00  00  00  00  00 
50:  00  00  00  00  00  00  00  00  00  00  00  00  00  00  00  00 
60:  00  00  00  00  00  00  00  00  00  00  00  00  00  00  00  00 
70:  00  00  00  00  00  00  00  00  00  00  00  00  00  00  00  00 
80:  00  00  00  00  00  0a  00  83  00  00  00  00  00  00  00  00 
90:  00  00  00  00  00  00  00  00  00  00  11  10  00  00  00  00 
A0:  00  00  00  23  c1  00  00  64  63  00  00  09  69  17  00  00 
B0:  2f  2b  00  00  00  00  00  00  0c  0a  00  97  70  00  00  00 
C0:  90  80  00  00  1e  08  65  21  5c  2b  14  13  4d  08  00  80 
D0:  00  00  00  00  00  55  9c  19  00  00 *01 *00 *3d  00  d0  0f 
E0:  00  00 *05  00  00  a2  0b  69  0c *5a  09  00  00  00  00  00 
F0:  c1 *00  08  00  3c  3c  00  00  44  00  60  00  00  00  00  00 
 
     00  01  02  03  04  05  06  07  08  09  0A  0B  0C  0D  0E  0F
00:  00  01  00  00  00  01  00  00  00  00  00  00  00  00  00  00 
10:  53  41  4e  59  4f  00  31  00  00  4c  30  38  53  36  59  30 
20:  32  af  25  4e  4f  56  4f  2f  00  00  00  00  00  00  00  00 
30:  00  00  00  00  00  00  00  00  00  00  00  00  00  00  00  00 
40:  00  00  00  00  00  00  00  00  00  00  00  00  00  00  00  00 
50:  00  00  00  00  00  00  00  00  00  00  00  00  00  00  00  00 
60:  00  00  00  00  00  00  00  00  00  00  00  00  00  00  00  00 
70:  00  00  00  00  00  00  00  00  00  00  00  00  00  00  00  00 
80:  00  00  00  00  00  0a  00  83  00  00  00  00  00  00  00  00 
90:  00  00  00  00  00  00  00  00  00  00  11  10  00  00  00  00 
A0:  00  00  00  23  c1  00  00  64  63  00  00  09  69  17  00  00 
B0:  2f  2b  00  00  00  00  00  00  0c  0a  00  97  70  00  00  00 
C0:  90  80  00  00  1e  08  65  21  5c  2b  14  13  4d  08  00  80 
D0:  00  00  00  00  00  55  9c  19  00  00  01  00  3f  00  d0  0f 
E0:  00  00  05  00  00  a2  0b  69  0c  5a  09  00  00  00  00  00 
F0:  c1  00  08  00  3c  3c  00  00  44  00  60  00  00  00  00  00 

     00  01  02  03  04  05  06  07  08  09  0A  0B  0C  0D  0E  0F
00:  00  01  00  00  00  01  00  00  00  00  00  00  00  00  00  00 
10:  53  41  4e  59  4f  00  31  00  00  4c  30  38  53  36  59  30 
20:  32  af  25  4e  4f  56  4f  2f  00  00  00  00  00  00  00  00 
30:  00  00  00  00  00  00  00  00  00  00  00  00  00  00  00  00 
40:  00  00  00  00  00  00  00  00  00  00  00  00  00  00  00  00 
50:  00  00  00  00  00  00  00  00  00  00  00  00  00  00  00  00 
60:  00  00  00  00  00  00  00  00  00  00  00  00  00  00  00  00 
70:  00  00  00  00  00  00  00  00  00  00  00  00  00  00  00  00 
80:  00  00  00  00  00  0a  00  83  00  00  00  00  00  00  00  00 
90:  00  00  00  00  00  00  00  00  00  00  11  10  00  00  00  00 
A0:  00  00  00  23  c1  00  00  64  63  00  00 *08  69  17  00  00 
B0: *30  2b  00  00  00  00  00  00  0c  0a  00  97  70  00  00  00 
C0:  90  80  00  00  1e  08  65  21  5c  2b  14  13  4d  08  00  80 
D0:  00  00  00  00  00  55  9c  19  00  00  01 *04 *00  00  d0  0f 
E0:  00  00  05  00  00  a2  0b  69  0c  5a  09  00  00  00  00  00 
F0:  c1 *10  08  00  3c  3c  00  00  44  00  60  00  00  00  00  00 
 
     00  01  02  03  04  05  06  07  08  09  0A  0B  0C  0D  0E  0F
00:  00  01  00  00  00  01  00  00  00  00  00  00  00  00  00  00 
10:  53  41  4e  59  4f  00  31  00  00  4c  30  38  53  36  59  30 
20:  32  af  25  4e  4f  56  4f  2f  00  00  00  00  00  00  00  00 
30:  00  00  00  00  00  00  00  00  00  00  00  00  00  00  00  00 
40:  00  00  00  00  00  00  00  00  00  00  00  00  00  00  00  00 
50:  00  00  00  00  00  00  00  00  00  00  00  00  00  00  00  00 
60:  00  00  00  00  00  00  00  00  00  00  00  00  00  00  00  00 
70:  00  00  00  00  00  00  00  00  00  00  00  00  00  00  00  00 
80:  00  00  00  00  00  0a  00  83  00  00  00  00  00  00  00  00 
90:  00  00  00  00  00  00  00  00  00  00  11  10  00  00  00  00 
A0:  00  00  00  23  c1  00  00  64  63  00  00  08  69  17  00  00 
B0:  30  2b  00  00  00  00  00  00  0c  0a  00  97  70  00  00  00 
C0:  90  80  00  00  1e  08  65  21  5c  2b  14  13  4d  08  00  80 
D0:  00  00  00  00  00  55  9c  19  00  00  03  04  00  00  d0  0f 
E0:  00  00  05  00  00  a2  0b  69  0c  5a  09  00  00  00  00  00 
F0:  c1  10  08  00  3c  3c  00  00  44  00  60  00  00  00  00  00 

     00  01  02  03  04  05  06  07  08  09  0A  0B  0C  0D  0E  0F
00:  00  01  00  00  00  01  00  00  00  00  00  00  00  00  00  00 
10:  53  41  4e  59  4f  00  31  00  00  4c  30  38  53  36  59  30 
20:  32  af  25  4e  4f  56  4f  2f  00  00  00  00  00  00  00  00 
30:  00  00  00  00  00  00  00  00  00  00  00  00  00  00  00  00 
40:  00  00  00  00  00  00  00  00  00  00  00  00  00  00  00  00 
50:  00  00  00  00  00  00  00  00  00  00  00  00  00  00  00  00 
60:  00  00  00  00  00  00  00  00  00  00  00  00  00  00  00  00 
70:  00  00  00  00  00  00  00  00  00  00  00  00  00  00  00  00 
80:  00  00  00  00  00  0a  00  83  00  00  00  00  00  00  00  00 
90:  00  00  00  00  00  00  00  00  00  00  11  10  00  00  00  00 
A0:  00  00  00  23  c1  00  00  64  63  00  00 *09  69  17  00  00 
B0:  30  2b  00  00  00  00  00  00  0c  0a  00  97  70  00  00  00 
C0:  90  80  00  00  1e  08 *62  21  5c  2b  14  13  4d  08  00  80 
D0:  00  00  00  00  00  55  9c  19  00  00 *08 *13  00  00  d0  0f 
E0:  00  00  05  00  00  a2  0b  69  0c  5a  09  00  00  00  00  00 
F0:  c1  10  08  00  3c  3c  00  00  44  00  60  00  00  00  00  00 
 
     00  01  02  03  04  05  06  07  08  09  0A  0B  0C  0D  0E  0F
00:  00  01  00  00  00  01  00  00  00  00  00  00  00  00  00  00 
10:  53  41  4e  59  4f  00  31  00  00  4c  30  38  53  36  59  30 
20:  32  af  25  4e  4f  56  4f  2f  00  00  00  00  00  00  00  00 
30:  00  00  00  00  00  00  00  00  00  00  00  00  00  00  00  00 
40:  00  00  00  00  00  00  00  00  00  00  00  00  00  00  00  00 
50:  00  00  00  00  00  00  00  00  00  00  00  00  00  00  00  00 
60:  00  00  00  00  00  00  00  00  00  00  00  00  00  00  00  00 
70:  00  00  00  00  00  00  00  00  00  00  00  00  00  00  00  00 
80:  00  00  00  00  00  0a  00  83  00  00  00  00  00  00  00  00 
90:  00  00  00  00  00  00  00  00  00  00  11  10  00  00  00  00 
A0:  00  00  00  23  c1  00  00  64  63  00  00  09  69  17  00  00 
B0:  30  2b  00  00  00  00  00  00  0c  0a  00  97  70  00  00  00 
C0:  90  80  00  00  1e  08  62  21  5c  2b  14  13  4d  08  00  80 
D0:  00  00  00  00  00  55  9c  19  00  00  0a  13  00  00  d0  0f 
E0:  00  00  05  00  00  a2  0b  69  0c  5a  09  00  00  00  00  00 
F0:  c1  10  08  00  3c  3c  00  00  44  00  60  00  00  00  00  00 

     00  01  02  03  04  05  06  07  08  09  0A  0B  0C  0D  0E  0F
00:  00  01  00  00  00  01  00  00  00  00  00  00  00  00  00  00 
10:  53  41  4e  59  4f  00  31  00  00  4c  30  38  53  36  59  30 
20:  32  af  25  4e  4f  56  4f  2f  00  00  00  00  00  00  00  00 
30:  00  00  00  00  00  00  00  00  00  00  00  00  00  00  00  00 
40:  00  00  00  00  00  00  00  00  00  00  00  00  00  00  00  00 
50:  00  00  00  00  00  00  00  00  00  00  00  00  00  00  00  00 
60:  00  00  00  00  00  00  00  00  00  00  00  00  00  00  00  00 
70:  00  00  00  00  00  00  00  00  00  00  00  00  00  00  00  00 
80:  00  00  00  00  00  0a  00  83  00  00  00  00  00  00  00  00 
90:  00  00  00  00  00  00  00  00  00  00  11  10  00  00  00  00 
A0:  00  00  00  23  c1  00  00  64  63  00  00  09  69  17  00  00 
B0:  30  2b  00  00  00  00  00  00  0c  0a  00  97  70  00  00  00 
C0:  90  80  00  00  1e  08  62  21  5c  2b  14  13  4d  08  00  80 
D0:  00  00  00  00  00  55  9c  19  00  00 *01 *00 *52  00  d0  0f 
E0:  00  00 *04  00  00  a2  0b *72  0c *50  09  00  00  00  00  00 
F0:  c1 *00  08  00  3c  3c  00  00  44  00  60  00  00  00  00  00 
 
     00  01  02  03  04  05  06  07  08  09  0A  0B  0C  0D  0E  0F
00:  00  01  00  00  00  01  00  00  00  00  00  00  00  00  00  00 
10:  53  41  4e  59  4f  00  31  00  00  4c  30  38  53  36  59  30 
20:  32  af  25  4e  4f  56  4f  2f  00  00  00  00  00  00  00  00 
30:  00  00  00  00  00  00  00  00  00  00  00  00  00  00  00  00 
40:  00  00  00  00  00  00  00  00  00  00  00  00  00  00  00  00 
50:  00  00  00  00  00  00  00  00  00  00  00  00  00  00  00  00 
60:  00  00  00  00  00  00  00  00  00  00  00  00  00  00  00  00 
70:  00  00  00  00  00  00  00  00  00  00  00  00  00  00  00  00 
80:  00  00  00  00  00  0a  00  83  00  00  00  00  00  00  00  00 
90:  00  00  00  00  00  00  00  00  00  00  11  10  00  00  00  00 
A0:  00  00  00  23  c1  00  00  64  63  00  00  09  69  17  00  00 
B0:  30  2b  00  00  00  00  00  00  0c  0a  00  97  70  00  00  00 
C0:  90  80  00  00  1e  08  62  21  5c  2b  14  13  4d  08  00  80 
D0:  00  00  00  00  00  55  9c  19  00  00  01  00  55  00  d0  0f 
E0:  00  00  04  00  00  a2  0b  72  0c  50  09  00  00  00  00  00 
F0:  c1  00  08  00  3c  3c  00  00  44  00  60  00  00  00  00  00 

     00  01  02  03  04  05  06  07  08  09  0A  0B  0C  0D  0E  0F
00:  00  01  00  00  00  01  00  00  00  00  00  00  00  00  00  00 
10:  53  41  4e  59  4f  00  31  00  00  4c  30  38  53  36  59  30 
20:  32  af  25  4e  4f  56  4f  2f  00  00  00  00  00  00  00  00 
30:  00  00  00  00  00  00  00  00  00  00  00  00  00  00  00  00 
40:  00  00  00  00  00  00  00  00  00  00  00  00  00  00  00  00 
50:  00  00  00  00  00  00  00  00  00  00  00  00  00  00  00  00 
60:  00  00  00  00  00  00  00  00  00  00  00  00  00  00  00  00 
70:  00  00  00  00  00  00  00  00  00  00  00  00  00  00  00  00 
80:  00  00  00  00  00  0a  00  83  00  00  00  00  00  00  00  00 
90:  00  00  00  00  00  00  00  00  00  00  11  10  00  00  00  00 
A0:  00  00  00  23  c1  00  00  64  63  00  00 *08  69  17  00  00 
B0: *2f  2b  00  00  00  00  00  00  0c  0a  00  97  70  00  00  00 
C0:  90  80  00  00  1e  08  62  21  5c  2b  14  13  4d  08  00  80 
D0:  00  00  00  00  00  55  9c  19  00  00 *00 *07 *00  00  d0  0f 
E0:  00  00 *03  00  00  a2  0b  72  0c  50  09  00  00  00  00  00 
F0:  c1 *10  08  00  3c  3c  00  00  44  00  60  00  00  00  00  00 
 
